[gd_scene load_steps=14 format=2]

[ext_resource path="res://data/private/models/human_scout/scout_3d_01.glb" type="PackedScene" id=1]
[ext_resource path="res://data/private/textures/space/fractal_test.png" type="Texture" id=2]
[ext_resource path="res://scripts/Player3D.gd" type="Script" id=3]
[ext_resource path="res://scripts/Camera3D.gd" type="Script" id=4]
[ext_resource path="res://scenes/corridor.tscn" type="PackedScene" id=5]
[ext_resource path="res://scenes/Asteroid3d.tscn" type="PackedScene" id=6]
[ext_resource path="res://data/private/models/jerg_scout/jerg_scout_3d_01.glb" type="PackedScene" id=7]
[ext_resource path="res://scripts/AI3D.gd" type="Script" id=8]
[ext_resource path="res://scenes/HUD.tscn" type="PackedScene" id=9]

[sub_resource type="SpatialMaterial" id=1]
albedo_texture = ExtResource( 2 )

[sub_resource type="PlaneMesh" id=2]
size = Vector2( 500, 500 )

[sub_resource type="BoxShape" id=3]
extents = Vector3( 2.16787, 0.905997, 2.44627 )

[sub_resource type="BoxShape" id=4]
extents = Vector3( 300, 10, 1 )

[node name="Spatial" type="Spatial"]

[node name="MeshInstance" type="MeshInstance" parent="."]
transform = Transform( 1, 0, 0, 0, 1, 0, 0, 0, 1, 0, -16.5751, 0 )
material_override = SubResource( 1 )
mesh = SubResource( 2 )
material/0 = null

[node name="Camera" type="Camera" parent="."]
transform = Transform( 1, 0, 0, 0, 0.309017, 0.951057, 0, -0.951057, 0.309017, 0, 30, 0 )
fov = 51.4
far = 5000.0
script = ExtResource( 4 )

[node name="Player" type="KinematicBody" parent="."]
script = ExtResource( 3 )

[node name="CollisionShape" type="CollisionShape" parent="Player"]
transform = Transform( 1, 0, 0, 0, 1, 0, 0, 0, 1, 0, 0.654, 0.006 )
shape = SubResource( 3 )

[node name="scout_3d_01" parent="Player" instance=ExtResource( 1 )]

[node name="gun" type="Spatial" parent="Player"]
transform = Transform( 1, 0, 0, 0, 1, 0, 0, 0, 1, 0, 0.561166, -3.22054 )

[node name="corridor" parent="." instance=ExtResource( 5 )]
transform = Transform( 5, 0, 0, 0, 5, 0, 0, 0, 5, 27.0932, -2.45188, -24.809 )

[node name="corridor4" parent="." instance=ExtResource( 5 )]
transform = Transform( 6.35489, 0, -4.85956, 0, 8, 0, 4.85956, 0, 6.35489, 29.8398, -2.45188, 170.942 )

[node name="corridor2" parent="." instance=ExtResource( 5 )]
transform = Transform( 3, 0, 0, 0, 3, 0, 0, 0, 6, -70.4712, -2.45191, -126.491 )

[node name="corridor3" parent="." instance=ExtResource( 5 )]
transform = Transform( 3, 0, 0, 0, 3, 0, 0, 0, 6, -104.859, -2.45191, -126.491 )

[node name="asteroid" parent="." instance=ExtResource( 6 )]
transform = Transform( 1, 0, 0, 0, 1, 0, 0, 0, 1, -5.53298, 0, 20.2098 )

[node name="asteroid2" parent="." instance=ExtResource( 6 )]
transform = Transform( 1, 0, 0, 0, 1, 0, 0, 0, 1, 74.3083, 0, 20.2098 )

[node name="asteroid3" parent="." instance=ExtResource( 6 )]
transform = Transform( 1, 0, 0, 0, 1, 0, 0, 0, 1, -48.5308, 0, 69.3508 )

[node name="asteroid4" parent="." instance=ExtResource( 6 )]
transform = Transform( 1, 0, 0, 0, 1, 0, 0, 0, 1, 31.3104, 0, 69.3508 )

[node name="asteroid5" parent="." instance=ExtResource( 6 )]
transform = Transform( 0.186147, 0, -0.982522, 0, 1, 0, 0.982522, 0, 0.186147, -52.0497, 0, -40.0052 )

[node name="asteroid6" parent="." instance=ExtResource( 6 )]
transform = Transform( 0.186147, 0, -0.982522, 0, 1, 0, 0.982522, 0, 0.186147, -37.1875, 0, 38.4406 )

[node name="asteroid7" parent="." instance=ExtResource( 6 )]
transform = Transform( 0.186147, 0, -0.982522, 0, 1, 0, 0.982522, 0, 0.186147, -108.336, 0, -73.1041 )

[node name="asteroid8" parent="." instance=ExtResource( 6 )]
transform = Transform( 0.186147, 0, -0.982522, 0, 1, 0, 0.982522, 0, 0.186147, -93.4736, 0, 5.34174 )

[node name="asteroid9" parent="." instance=ExtResource( 6 )]
transform = Transform( -0.997819, 0, -0.0660124, 0, 1, 0, 0.0660124, 0, -0.997819, 77.1597, 0, -116.891 )

[node name="asteroid10" parent="." instance=ExtResource( 6 )]
transform = Transform( -0.997819, 0, -0.0660124, 0, 1, 0, 0.0660124, 0, -0.997819, -2.50739, 0, -111.621 )

[node name="asteroid11" parent="." instance=ExtResource( 6 )]
transform = Transform( -0.997819, 0, -0.0660124, 0, 1, 0, 0.0660124, 0, -0.997819, 116.82, 0, -168.763 )

[node name="asteroid12" parent="." instance=ExtResource( 6 )]
transform = Transform( -0.997819, 0, -0.0660124, 0, 1, 0, 0.0660124, 0, -0.997819, 37.1528, 0, -163.493 )

[node name="asteroid13" parent="." instance=ExtResource( 6 )]
transform = Transform( -0.2506, 0, 0.968091, 0, 1, 0, -0.968091, 0, -0.2506, 127.55, 0, -59.8782 )

[node name="asteroid14" parent="." instance=ExtResource( 6 )]
transform = Transform( -0.2506, 0, 0.968091, 0, 1, 0, -0.968091, 0, -0.2506, 107.542, 0, -137.172 )

[node name="asteroid15" parent="." instance=ExtResource( 6 )]
transform = Transform( -0.2506, 0, 0.968091, 0, 1, 0, -0.968091, 0, -0.2506, 185.898, 0, -30.5671 )

[node name="asteroid16" parent="." instance=ExtResource( 6 )]
transform = Transform( -0.2506, 0, 0.968091, 0, 1, 0, -0.968091, 0, -0.2506, 165.89, 0, -107.861 )

[node name="asteroid17" parent="." instance=ExtResource( 6 )]
transform = Transform( -0.997819, 0, -0.0660124, 0, 1, 0, 0.0660124, 0, -0.997819, 101.894, 0, 121.217 )

[node name="asteroid18" parent="." instance=ExtResource( 6 )]
transform = Transform( -0.997819, 0, -0.0660124, 0, 1, 0, 0.0660124, 0, -0.997819, 22.2267, 0, 126.487 )

[node name="asteroid19" parent="." instance=ExtResource( 6 )]
transform = Transform( -0.997819, 0, -0.0660124, 0, 1, 0, 0.0660124, 0, -0.997819, 141.554, 0, 69.3443 )

[node name="asteroid20" parent="." instance=ExtResource( 6 )]
transform = Transform( -0.997819, 0, -0.0660124, 0, 1, 0, 0.0660124, 0, -0.997819, 61.8869, 0, 74.6148 )

[node name="asteroid21" parent="." instance=ExtResource( 6 )]
transform = Transform( -0.2506, 0, 0.968091, 0, 1, 0, -0.968091, 0, -0.2506, 152.284, 0, 178.23 )

[node name="asteroid22" parent="." instance=ExtResource( 6 )]
transform = Transform( -0.2506, 0, 0.968091, 0, 1, 0, -0.968091, 0, -0.2506, 132.276, 0, 100.936 )

[node name="asteroid23" parent="." instance=ExtResource( 6 )]
transform = Transform( -0.2506, 0, 0.968091, 0, 1, 0, -0.968091, 0, -0.2506, 210.633, 0, 207.541 )

[node name="asteroid24" parent="." instance=ExtResource( 6 )]
transform = Transform( -0.2506, 0, 0.968091, 0, 1, 0, -0.968091, 0, -0.2506, 190.624, 0, 130.247 )

[node name="asteroid25" parent="." instance=ExtResource( 6 )]
transform = Transform( 0.922498, 0, -0.386003, 0, 1, 0, 0.386003, 0, 0.922498, -125.378, 0, 130.749 )

[node name="asteroid26" parent="." instance=ExtResource( 6 )]
transform = Transform( 0.922498, 0, -0.386003, 0, 1, 0, 0.386003, 0, 0.922498, -51.7247, 0, 161.568 )

[node name="asteroid27" parent="." instance=ExtResource( 6 )]
transform = Transform( 0.922498, 0, -0.386003, 0, 1, 0, 0.386003, 0, 0.922498, -184.012, 0, 159.484 )

[node name="asteroid28" parent="." instance=ExtResource( 6 )]
transform = Transform( 0.922498, 0, -0.386003, 0, 1, 0, 0.386003, 0, 0.922498, -110.359, 0, 190.303 )

[node name="asteroid29" parent="." instance=ExtResource( 6 )]
transform = Transform( -0.207536, 0, -0.978228, 0, 1, 0, 0.978228, 0, -0.207536, -145.046, 0, 57.2454 )

[node name="asteroid30" parent="." instance=ExtResource( 6 )]
transform = Transform( -0.207536, 0, -0.978228, 0, 1, 0, 0.978228, 0, -0.207536, -161.616, 0, 135.348 )

[node name="asteroid31" parent="." instance=ExtResource( 6 )]
transform = Transform( -0.207536, 0, -0.978228, 0, 1, 0, 0.978228, 0, -0.207536, -184.194, 0, 4.98514 )

[node name="asteroid32" parent="." instance=ExtResource( 6 )]
transform = Transform( -0.207536, 0, -0.978228, 0, 1, 0, 0.978228, 0, -0.207536, -200.764, 0, 83.0881 )

[node name="AI_1" type="KinematicBody" parent="."]
transform = Transform( 1, 0, 0, 0, 1, 0, 0, 0, 1, -12.0655, 0, 0 )
script = ExtResource( 8 )

[node name="jerg_scout_3d_01" parent="AI_1" instance=ExtResource( 7 )]

[node name="CollisionShape2" type="CollisionShape" parent="AI_1"]
shape = SubResource( 3 )

[node name="LimitNorth" type="StaticBody" parent="."]
transform = Transform( 1, 0, 0, 0, 1, 0, 0, 0, 1, 0, 0, -248.996 )

[node name="CollisionShape" type="CollisionShape" parent="LimitNorth"]
shape = SubResource( 4 )

[node name="LimitSouth" type="StaticBody" parent="."]
transform = Transform( 1, 0, 0, 0, 1, 0, 0, 0, 1, 0, 0, 248.972 )

[node name="CollisionShape" type="CollisionShape" parent="LimitSouth"]
shape = SubResource( 4 )

[node name="LimitEast" type="StaticBody" parent="."]
transform = Transform( -1.62921e-07, 0, 1, 0, 1, 0, -1, 0, -1.62921e-07, 246.487, 0, 33.073 )

[node name="CollisionShape" type="CollisionShape" parent="LimitEast"]
shape = SubResource( 4 )

[node name="LimitWest" type="StaticBody" parent="."]
transform = Transform( -1.62921e-07, 0, 1, 0, 1, 0, -1, 0, -1.62921e-07, -247.172, 0, 33.073 )

[node name="CollisionShape" type="CollisionShape" parent="LimitWest"]
shape = SubResource( 4 )

[node name="ai_target" type="CSGSphere" parent="."]
transform = Transform( 1, 0, 0, 0, 1, 0, 0, 0, 1, 6.2217, 0, 0 )

[node name="HUD" parent="." instance=ExtResource( 9 )]
pointer_ref = NodePath("../AI_1")
origin_ref = NodePath("../Player")
